image_width: 1640
image_height: 1232
camera_name: pi_cam
camera_matrix:
  rows: 3
  cols: 3
  data: [1300.174864, 0.000000, 798.106166, 0.000000, 1297.210469, 635.266513, 0.000000, 0.000000, 1.000000]
distortion_model: plumb_bob
distortion_coefficients:
  rows: 1
  cols: 5
  data: [0.169377, -0.293632, 0.000449, -0.003359, 0.000000]
rectification_matrix:
  rows: 3
  cols: 3
  data: [1.000000, 0.000000, 0.000000, 0.000000, 1.000000, 0.000000, 0.000000, 0.000000, 1.000000]
projection_matrix:
  rows: 3
  cols: 4
  data: [1327.686890, 0.000000, 791.962354, 0.000000, 0.000000, 1331.256470, 635.737480, 0.000000, 0.000000, 0.000000, 1.000000, 0.000000]



